conv2d_1
[[ 0.00200401 -0.00209089 -0.00430424 -0.00434891]
 [ 0.00041058  0.00030025  0.00483856 -0.00057729]
 [-0.00182667  0.00189716 -0.0009537   0.00154114]
 [ 0.00405382  0.00326153 -0.00011644 -0.0034347 ]]
conv2d_2
[[-8.0104865e-04 -1.0789920e-03 -1.0354923e-03 -6.2546658e-04]
 [-1.8896931e-03 -7.0974306e-04 -1.0986077e-03 -3.3399236e-05]
 [-4.5259154e-04 -2.1619449e-04 -7.2522846e-04 -5.0061056e-04]
 [-6.1293936e-04 -8.9217536e-04 -6.2839687e-04 -1.0548055e-03]]
conv2d_3
[[-0.00079197 -0.00084027 -0.00084474 -0.00085625]
 [-0.00049407 -0.00039978 -0.00076062 -0.0007409 ]
 [-0.00073442 -0.00080465 -0.00085604 -0.00079966]
 [-0.00050293 -0.00076193 -0.00076812 -0.00077573]]
conv2d_4
[[-6.8753242e-04 -3.9621681e-04 -3.5894811e-04 -6.8704144e-04]
 [-3.5910000e-04 -1.2059697e-04 -6.1925981e-05 -4.3855858e-04]
 [-3.1457978e-04 -1.3533874e-05 -4.6205543e-05 -3.6288449e-04]
 [-5.8682938e-04 -1.9594782e-04 -2.0623821e-04 -5.1889912e-04]]
conv2d_5
[[-7.45095778e-04 -3.06877599e-04 -3.22695938e-04 -8.29408527e-04]
 [-3.33071046e-04 -8.39664062e-05 -1.14248051e-05 -4.12662223e-04]
 [-3.73197254e-04  1.09584747e-04  1.06982516e-04 -3.70044814e-04]
 [-3.11869604e-04 -1.38200448e-05 -2.52225509e-05 -2.88208015e-04]]
conv2d_6
[[-7.0212421e-04 -4.9216754e-04 -3.4798749e-04 -6.9768209e-04]
 [-6.3779159e-04  5.1254847e-06  6.8181995e-05 -2.7824356e-04]
 [-4.8665857e-04  1.4542373e-05 -1.4393177e-04 -2.3123072e-04]
 [-4.8250903e-04  4.0957920e-04  1.4528434e-04  1.4887293e-04]]
conv2d_7
[[-3.8721130e-04 -5.7044387e-04 -3.7924713e-04 -1.6073709e-04]
 [-3.2435637e-04  1.4839010e-04  8.6132197e-05  5.2318053e-04]
 [-4.0214648e-04  2.7322170e-05  7.5203367e-05  5.9291121e-04]
 [-9.4061797e-05  8.3193346e-04  8.5403270e-04  1.1024144e-03]]
conv2d_8
[[ 3.2501368e-05  1.2976621e-05  1.0417948e-05 -6.4859987e-06]
 [ 2.6144666e-05 -8.8195275e-06 -2.9361639e-05  8.7175067e-06]
 [-2.0978459e-05  1.1845335e-05  4.7522710e-05  3.2093751e-05]
 [ 1.2351696e-05  9.3908784e-06 -1.0586818e-06 -3.7525337e-05]]
conv2d_9
[[ 2.7208638e-05  7.7377063e-06 -1.9295578e-05 -3.6029003e-05]
 [ 1.6242582e-05 -5.5794949e-06  1.5507425e-05  1.4474401e-05]
 [ 5.0300350e-06 -2.9706815e-05  9.9277695e-06  2.1001497e-05]
 [-4.5681358e-05 -4.4959797e-06 -6.0049424e-06 -4.0551695e-05]]
conv2d_10
[[-0.0004142  -0.00078423 -0.00065674 -0.00071552]
 [-0.00054414  0.00025788  0.0006969   0.00080773]
 [-0.00050628  0.00049285  0.00088382  0.0008809 ]
 [-0.00023255  0.00053919  0.00059474  0.00137539]]
conv2d_11
[[-0.00055983 -0.00133184 -0.00170502 -0.0015129 ]
 [-0.00131847  0.00046321  0.00095358  0.00078234]
 [-0.00145881  0.00106952  0.00170814  0.00108929]
 [-0.00118299  0.00046266  0.00061146  0.00029539]]
conv2d_12
[[-0.00067252 -0.00127266 -0.00187243 -0.00143905]
 [-0.00137458  0.00063423  0.00085068  0.00030805]
 [-0.00186302  0.00119     0.00161019  0.00062196]
 [-0.00124136  0.00044143  0.00035068 -0.00024956]]
conv2d_13
[[-0.00085168 -0.00121943 -0.00129404 -0.00130523]
 [-0.0007592   0.00074169  0.0004094   0.0001071 ]
 [-0.00087647  0.00140967  0.00085096  0.00026805]
 [-0.00085428  0.00011901 -0.00026021 -0.00042884]]
conv2d_14
[[-0.00228606 -0.00215041 -0.00223636 -0.00206767]
 [-0.00095418  0.00115833  0.00106532  0.00091394]
 [ 0.00029752  0.00268566  0.00217139  0.00162842]
 [-0.00189669 -0.00078149 -0.00128615 -0.00155491]]
conv2d_15
[[-0.00328476 -0.00193406 -0.00224881 -0.00232192]
 [ 0.00248716  0.00427155  0.00373415  0.00363938]
 [ 0.00361646  0.00488192  0.0039428   0.00335637]
 [-0.00133896 -0.00017826 -0.00131316 -0.00226063]]
conv2d_16
[[ 4.0862127e-05 -1.6591487e-03 -2.1910174e-03 -7.8666332e-04]
 [-1.3789707e-03 -9.0322836e-04 -1.7929279e-03 -1.2080178e-03]
 [ 7.5261662e-04  2.6128179e-04  5.3206554e-06  7.3277514e-04]
 [ 1.3383982e-03  2.7376899e-04  1.0055916e-03  6.6472654e-04]]
